----------------------------------------------------------------------
State of RF after executing cycle:0
0
0xa50000
0
0
0
0
0
0
0
0
0
0
0
0
0
0
0
0
0
0
0
0
0
0
0
0
0
0
0
0
0
0
----------------------------------------------------------------------
State of RF after executing cycle:1
0
0xa50000
0xffffffff
0
0
0
0
0
0
0
0
0
0
0
0
0
0
0
0
0
0
0
0
0
0
0
0
0
0
0
0
0
----------------------------------------------------------------------
State of RF after executing cycle:2
0
0xa50000
0xffffffff
0
0x00000001
0
0
0
0
0
0
0
0
0
0
0
0
0
0
0
0
0
0
0
0
0
0
0
0
0
0
0
----------------------------------------------------------------------
State of RF after executing cycle:3
0
0xa50000
0xffffffff
0
0x00000001
0
0
0
0
0
0
0
0
0
0
0
0
0
0
0
0
0
0
0
0
0
0
0
0
0
0
0
